5          5           X
7            7         X
11             11      X
13                13   X
17                   17
19                     X
23                     X
25         5           
29                     X
31                     X
35         5 7         
37                     X
38     2               
39       3        13   
40     2   5           
41                     X
42     2 3   7         
43                     X
44     2       11      
45       3 5           
46     2               
47                     X
48     2 3             
49           7         
50     2   5           
51       3           17
52     2          13   
53                     X
54     2 3             
55         5   11      
56     2     7         
57       3             
58     2               
59                     X
60     2 3 5           
61                     X
62     2               
63       3   7         
64     2               
65         5      13   
66     2 3     11      
67                     X
68     2             17
69       3             
70     2   5 7         
71                     X
72     2 3             
73                     X
74     2               
75       3 5           
76     2               
77           7 11      
78     2 3        13   
79                     X
80     2   5           
81       3             
82     2               
83                     X
84     2 3   7         
85         5         17
86     2               
87       3             
88     2       11      
89                     X
90     2 3 5           
91           7    13   
92     2               
93       3             
94     2               
95         5           
96     2 3             
97                     X
98     2     7         
99       3     11      
100    2   5           
101                    X
102    2 3           17
103                    X
104    2          13   
105      3 5 7         
106    2               
107                    X
108    2 3             
109                    X
110    2   5   11      
111      3             
112    2     7         
113                    X
114    2 3             
115        5           
116    2               
117      3        13   
118    2               
119          7       17
120    2 3 5           
121            11      
122    2               
123      3             
124    2               
125        5           
126    2 3   7         
127                    X
128    2               
129      3             
130    2   5      13   
131                    
132    2 3     11      
133          7         
134    2               
135      3 5           
136    2             17
137                    X
138    2 3             
139                    X
140    2   5 7         
141      3             
142    2               
143            11 13   
144    2 3             
145        5           
146    2               
147      3   7         
148    2               
149                    X
150    2 3 5           
151                    X
152    2               
153      3           17
154    2     7 11      
155        5           
156    2 3        13   
157                    X
158    2               
159      3             
160    2   5           
161          7         
162    2 3             
163                    X
164    2               
165      3 5   11      
166    2               
167                    X
168    2 3   7         
169               13   
170    2   5         17
171      3             
172    2               
173                    X
174    2 3             
175        5 7         
176    2       11      
177      3             
178    2               
179                    X
180    2 3 5           
181                    X
182    2     7    13   
183      3             
184    2               
185        5           
186    2 3             
187            11    17
188    2               
189      3   7         
190    2   5           
191                    
192    2 3             
193                    X
194    2               
195      3 5      13   
196    2     7         
197                    X
198    2 3     11      
199                    X
200    2   5           
201      3             
202    2               
203          7         
204    2 3           17
205        5           
206    2               
207      3             
208    2          13   
209            11      
210    2 3 5 7         
211                    X
212    2               
213      3             
214    2               
215        5           
216    2 3             
217          7         
218    2               
219      3             
220    2   5   11      
221               13 17
222    2 3             
223                    X
224    2     7         
225      3 5           
226    2               
227                    X
228    2 3             
229                    X
230    2   5           
231      3   7 11      
232    2               
233                    X
234    2 3        13   
235        5           
236    2               
237      3             
238    2     7       17
239                    X
240    2 3 5           
241                    X
242    2       11      
243      3             
244    2               
245        5 7         
246    2 3             
247               13   
248    2               
249      3             
250    2   5           
251                    
252    2 3   7         
253            11      
254    2               X
255      3 5         17
256    2               
257                    X
258    2 3             
259          7         
260    2   5      13   
261      3             
262    2               
263                    X
264    2 3     11      
265        5           
266    2     7         
267      3             
268    2               
269                    X
270    2 3 5           
271                    X
272    2             17
273      3   7    13   
274    2               
275        5   11      
276    2 3             
277                    X
278    2               
279      3             
280    2   5 7         
281                    X
282    2 3             
283                    X
284    2               
285      3 5           
286    2       11 13   
287          7         
288    2 3             
289                  17  END
290    2   5           
291      3             
292    2               
293                    
294    2 3   7         
295        5           
296    2               
297      3     11      
298    2               
299               13   
300    2 3 5           
301          7         
302    2               
303      3             
304    2               
305        5           
306    2 3           17
307                    
308    2     7 11      
309      3             
310    2   5           
311                    
312    2 3        13   
313                    
314    2               
315      3 5 7         
316    2               
317                    
318    2 3             
319            11      
320    2   5           
321      3             
322    2     7         
323                  17
324    2 3             
325        5      13   
326    2               
327      3             
328    2               
329          7         
330    2 3 5   11      
331                    
332    2               
333      3             
334    2               
335        5           
336    2 3   7         
337                    
338    2          13   
339      3             
340    2   5         17
341            11      
342    2 3             
343          7         
344    2               
345      3 5           
346    2               
347                    
348    2 3             
349                    
350    2   5 7         
351      3        13   
352    2       11      
353                    
354    2 3             
355        5           
356    2               
357      3   7       17
358    2               
359                    
360    2 3 5           
361                    
362    2               
363      3     11      
364    2     7    13   
365        5           
366    2 3             
367                    
368    2               
369      3             
370    2   5           
371          7         
372    2 3             
373                    
374    2       11    17
375      3 5           
376    2               
377               13   
378    2 3   7         
379                    
380    2   5           
381      3             
382    2               
383                    
384    2 3             
385        5 7 11      
386    2               
387      3             
388    2               
389                    
390    2 3 5      13   
391                  17
392    2     7         
393      3             
394    2               
395        5           
396    2 3     11      
397                    
398    2               
399      3   7         
400    2   5           
401                    
402    2 3             
403               13   
404    2               
405      3 5           
406    2     7         
407            11      
408    2 3           17
409                    
410    2   5           
411      3             
412    2               
413          7         
414    2 3             
415        5           
416    2          13   
417      3             
418    2       11      
419                    
420    2 3 5 7         
421                    
422    2               
423      3             
424    2               
425        5         17
426    2 3             
427          7         
428    2               
429      3     11 13   
430    2   5           
431                    
432    2 3             
433                    
434    2     7         
435      3 5           
436    2               
437                    
438    2 3             
439                    
440    2   5   11      
441      3   7         
442    2          13 17
443                    
444    2 3             
445        5           
446    2               
447      3             
448    2     7         
449                    
450    2 3 5           
451            11      
452    2               
453      3             
454    2               
455        5 7    13   
456    2 3             
457                    
458    2               
459      3           17
460    2   5           
461                    
462    2 3   7 11      
463                    
464    2               
465      3 5           
466    2               
467                    
468    2 3        13   
469          7         
470    2   5           
471      3             
472    2               
473            11      
474    2 3             
475        5           
476    2     7       17
477      3             
478    2               
479                    
480    2 3 5           
481               13   
482    2               
483      3   7         
484    2       11      
485        5           
486    2 3             
487                    
488    2               
489      3             
490    2   5 7         
491                    
492    2 3             
493                  17
494    2          13   
495      3 5   11      
496    2               
497          7         
498    2 3             
499                    
500    2   5           
501      3             
502    2               
503                    
504    2 3   7         
505        5           
506    2       11      
507      3        13   
508    2               
509                    
510    2 3 5         17
511          7         
512    2               
513      3             
514    2               
515        5           
516    2 3             
517            11      
518    2     7         
519      3             
520    2   5      13   
521                    
522    2 3             
523                    
524    2               
525      3 5 7         
526    2               
527                  17
528    2 3     11      
529                    
530    2   5           
531      3             
532    2     7         
533               13   
534    2 3             
535        5           
536    2               
537      3             
538    2               
539          7 11      
540    2 3 5           
541                    
542    2               
543      3             
544    2             17
545        5           
546    2 3   7    13   
547                    
548    2               
549      3             
550    2   5   11      
551                    
552    2 3             
553          7         
554    2               
555      3 5           
556    2               
557                    
558    2 3             
559               13   
560    2   5 7         
561      3     11    17
562    2               
563                    
564    2 3             
565        5           
566    2               
567      3   7         
568    2               
569                    
570    2 3 5           
571                    
572    2       11 13   
573      3             
574    2     7         
575        5           
576    2 3             
577                    
578    2             17
579      3             
580    2   5           
581          7         
582    2 3             
583            11      
584    2               
585      3 5      13   
586    2               
587                    
588    2 3   7         
589                    
590    2   5           
591      3             
592    2               
593                    
594    2 3     11      
595        5 7       17
596    2               
597      3             
598    2          13   
599                    
600    2 3 5           
601                    
602    2     7         
603      3             
604    2               
605        5   11      
606    2 3             
607                    
608    2               
609      3   7         
610    2   5           
611               13   
612    2 3           17
613                    
614    2               
615      3 5           
616    2     7 11      
617                    
618    2 3             
619                    
620    2   5           
621      3             
622    2               
623          7         
624    2 3        13   
625        5           
626    2               
627      3     11      
628    2               
629                  17
630    2 3 5 7         
631                    
632    2               
633      3             
634    2               
635        5           
636    2 3             
637          7    13   
638    2       11      
639      3             
640    2   5           
641                    
642    2 3             
643                    
644    2     7         
645      3 5           
646    2             17
647                    
648    2 3             
649            11      
650    2   5      13   
651      3   7         
652    2               
653                    
654    2 3             
655        5           
656    2               
657      3             
658    2     7         
659                    
660    2 3 5   11      
661                    
662    2               
663      3        13 17
664    2               
665        5 7         
666    2 3             
667                    
668    2               
669      3             
670    2   5           
671            11      
672    2 3   7         
673                    
674    2               
675      3 5           
676    2          13   
677                    
678    2 3             
679          7         
680    2   5         17
681      3             
682    2       11      
683                    
684    2 3             
685        5           
686    2     7         
687      3             
688    2               
689               13   
690    2 3 5           
691                    
692    2               
693      3   7 11      
694    2               
695        5           
696    2 3             
697                  17
698    2               
699      3             
700    2   5 7         
701                    
702    2 3        13   
703                    
704    2       11      
705      3 5           
706    2               
707          7         
708    2 3             
709                    
710    2   5           
711      3             
712    2               
713                    
714    2 3   7       17
715        5   11 13   
716    2               
717      3             
718    2               
719                    
720    2 3 5           
721          7         
722    2               
723      3             
724    2               
725        5           
726    2 3     11      
727                    
728    2     7    13   
729      3             
730    2   5           
731                  17
732    2 3             
733                    
734    2               
735      3 5 7         
736    2               
737            11      
738    2 3             
739                    
740    2   5           
741      3        13   
742    2     7         
743                    
744    2 3             
745        5           
746    2               
747      3             
748    2       11    17
749          7         
750    2 3 5           
751                    
752    2               
753      3             
754    2          13   
755        5           
756    2 3   7         
757                    
758    2               
759      3     11      
760    2   5           
761                    
762    2 3             
763          7         
764    2               
765      3 5         17
766    2               
767               13   
768    2 3             
769                    
770    2   5 7 11      
771      3             
772    2               
773                    
774    2 3             
775        5           
776    2               
777      3   7         
778    2               
779                    
780    2 3 5      13   
781            11      
782    2             17
783      3             
784    2     7         
785        5           
786    2 3             
787                    
788    2               
789      3             
790    2   5           
791          7         
792    2 3     11      
793               13   
794    2               
795      3 5           
796    2               
797                    
798    2 3   7         
799                  17
800    2   5           
801      3             
802    2               
803            11      
804    2 3             
805        5 7         
806    2          13   
807      3             
808    2               
809                    
810    2 3 5           
811                    
812    2     7         
813      3             
814    2       11      
815        5           
816    2 3           17
817                    
818    2               
819      3   7    13   
820    2   5           
821                    
822    2 3             
823                    
824    2               
825      3 5   11      
826    2     7         
827                    
828    2 3             
829                    
830    2   5           
831      3             
832    2          13   
833          7       17
834    2 3             
835        5           
836    2       11      
837      3             
838    2               
839                    
840    2 3 5 7         
841                    
842    2               
843      3             
844    2               
845        5      13   
846    2 3             
847          7 11      
848    2               
849      3             
850    2   5         17
851                    
852    2 3             
853                    
854    2     7         
855      3 5           
856    2               
857                    
858    2 3     11 13   
859                    
860    2   5           
861      3   7         
862    2               
863                    
864    2 3             
865        5           
866    2               
867      3           17
868    2     7         
869            11      
870    2 3 5           
871               13   
872    2               
873      3             
874    2               
875        5 7         
876    2 3             
877                    
878    2               
879      3             
880    2   5   11      
881                    
882    2 3   7         
883                    
884    2          13 17
885      3 5           
886    2               
887                    
888    2 3             
889          7         
890    2   5           
891      3     11      
892    2               
893                    
894    2 3             
895        5           
896    2     7         
897      3        13   
898    2               
899                    
900    2 3 5           
901                  17
902    2       11      
903      3   7         
904    2               
905        5           
906    2 3             
907                    
908    2               
909      3             
910    2   5 7    13   
911                    
912    2 3             
913            11      
914    2               
915      3 5           
916    2               
917          7         
918    2 3           17
919                    
920    2   5           
921      3             
922    2               
923               13   
924    2 3   7 11      
925        5           
926    2               
927      3             
928    2               
929                    
930    2 3 5           
931          7         
932    2               
933      3             
934    2               
935        5   11    17
936    2 3        13   
937                    
938    2     7         
939      3             
940    2   5           
941                    
942    2 3             
943                    
944    2               
945      3 5 7         
946    2       11      
947                    
948    2 3             
949               13   
950    2   5           
951      3             
952    2     7       17
953                    
954    2 3             
955        5           
956    2               
957      3     11      
958    2               
959          7         
960    2 3 5           
961                    
962    2          13   
963      3             
964    2               
965        5           
966    2 3   7         
967                    
968    2       11      
969      3           17
970    2   5           
971                    
972    2 3             
973          7         
974    2               
975      3 5      13   
976    2               
977                    
978    2 3             
979            11      
980    2   5 7         
981      3             
982    2               
983                    
984    2 3             
985        5           
986    2             17
987      3   7         
988    2          13   
989                    
990    2 3 5   11      
991                    
992    2               
993      3             
994    2     7         
995        5           
996    2 3             
997                    
998    2               
999      3             
1000   2   5           
